183
975
688
625
196
375
750
425
389
915
370
662
612
355
65
639
415
298
623
441
56
815
793
14
490
566
346
111
721
971
874
852
208
736
940
962
60
24
548
347
69
524
606
990
9
626
316
2
514
899
447
479
175
147
695
811
905
212
707
528
516
955
383
994
136
581
725
565
235
178
349
495
917
845
358
433
945
47
437
957
35
445
107
970
260
85
539
861
669
889
649
743
560
988
519
142
197
23
123
891
62
327
564
976
458
770
187
7
22
954
301
838
152
286
831
122
999
261
319
305
394
761
827
373
337
246
645
119
577
652
512
66
853
120
937
824
746
204
696
590
488
922
734
476
257
810
10
473
44
668
973
703
206
753
154
692
635
857
321
726
878
223
428
763
676
505
284
816
938
465
399
41
621
740
100
405
888
950
859
26
456
315
317
328
518
182
303
603
70
202
851
844
227
809
214
731
510
124
627
714
868
907
496
947
702
324
344
356
163
628
97
522
34
675
826
563
194
572
530
903
224
477
11
643
266
434
618
840
103
620
916
341
429
418
121
544
630
71
4
210
491
978
453
604
602
610
158
414
299
364
268
551
132
1000
573
898
762
252
911
343
195
785
78
776
640
331
314
982
247
218
378
543
109
452
655
801
920
82
81
756
780
203
605
381
777
805
424
231
769
164
730
472
170
116
165
426
582
928
180
930
948
199
408
554
520
285
141
115
996
277
681
474
33
359
656
893
398
772
854
802
866
585
281
400
486
615
101
25
330
304
660
160
908
353
104
411
666
575
614
699
311
567
186
803
633
92
952
706
871
823
800
54
475
997
961
836
106
964
751
760
148
13
755
464
469
16
144
387
86
161
689
980
837
923
814
98
487
155
912
219
457
592
894
600
151
540
713
720
617
729
697
869
842
959
862
532
738
733
552
443
580
622
189
677
877
694
527
936
542
758
648
150
372
28
480
708
537
143
977
989
624
497
113
597
131
259
90
306
166
117
906
91
972
690
678
541
892
348
832
960
278
659
599
670
275
557
40
366
578
843
76
822
93
829
698
944
709
105
242
499
848
368
484
671
795
386
741
774
222
790
953
302
354
48
167
875
665
264
968
654
421
555
339
297
981
525
162
586
406
728
470
744
658
449
501
108
283
817
890
238
220
749
292
245
221
423
216
439
984
397
127
64
946
576
174
3
402
638
274
313
229
593
340
864
450
239
674
52
904
710
382
687
498
217
412
417
250
6
735
126
37
757
941
684
140
20
768
804
737
300
118
632
55
607
396
583
663
549
478
293
646
568
254
243
833
683
53
879
825
619
205
693
661
562
631
110
504
263
463
983
867
369
650
36
550
74
249
153
813
236
796
722
67
742
198
902
374
80
39
323
773
571
629
483
991
329
431
226
338
701
416
233
403
361
112
333
812
192
506
850
500
570
295
188
587
351
436
765
531
529
291
691
269
718
129
276
651
526
965
644
201
448
538
38
265
225
114
432
719
515
929
574
705
724
489
884
241
138
352
282
438
839
775
380
471
766
986
767
279
427
657
807
401
521
177
995
19
559
876
967
384
288
410
716
993
125
83
256
334
444
901
79
778
377
921
30
391
589
926
267
925
611
335
422
873
673
747
157
536
395
918
601
213
99
503
642
481
72
860
130
307
68
172
509
963
830
271
998
371
442
794
461
723
992
855
913
50
934
672
57
545
451
255
49
584
159
244
513
342
784
588
379
29
211
727
95
310
446
468
454
404
739
135
887
819
273
407
42
616
704
308
828
613
94
73
31
966
547
856
754
200
234
745
789
951
12
435
535
932
556
914
846
808
818
637
326
609
647
686
17
332
502
935
462
821
858
533
325
240
847
134
460
667
87
553
974
102
84
969
764
485
863
51
939
596
598
392
280
942
933
360
289
45
711
748
771
900
558
15
58
320
924
883
169
59
783
413
409
685
788
569
987
798
787
910
1
209
185
63
791
636
296
849
145
927
781
834
322
207
8
700
393
357
511
956
682
886
173
653
841
228
885
896
287
345
75
919
430
184
534
482
546
18
312
191
46
958
363
466
367
193
21
237
782
467
5
137
591
872
253
835
61
32
362
806
388
517
419
759
385
248
318
507
680
309
190
792
390
168
336
820
459
717
664
133
420
156
251
909
376
128
608
493
931
290
786
732
865
440
897
139
943
232
880
181
979
171
365
595
88
881
176
455
270
272
262
752
779
258
230
523
679
949
799
492
985
179
350
561
494
508
43
146
77
797
294
594
634
882
715
96
579
89
215
895
27
712
641
870
149
