275
263
157
171
165
88
456
445
367
199
497
406
201
388
422
223
198
147
251
499
52
172
121
490
363
60
369
421
302
312
129
485
155
72
82
481
66
247
74
146
429
152
95
154
42
457
423
168
71
324
276
396
282
477
191
433
272
248
450
434
261
140
142
338
262
416
266
245
30
224
326
443
237
104
317
99
440
407
20
103
26
158
149
107
463
10
94
174
280
228
281
292
465
295
311
216
339
114
222
455
93
438
227
287
364
234
340
203
476
330
286
332
141
28
47
45
374
6
250
350
64
195
343
197
242
323
151
98
386
334
387
432
449
313
298
285
472
419
244
68
87
69
8
436
435
176
97
382
169
159
36
483
491
368
92
75
49
404
459
192
264
175
410
177
259
160
196
269
65
351
458
56
5
494
399
489
235
358
50
336
328
89
166
106
207
431
308
454
469
341
211
479
357
265
277
470
181
67
385
54
173
193
144
471
461
448
392
130
102
430
310
307
81
230
112
426
233
342
246
325
15
284
375
19
131
186
498
403
35
80
305
346
96
239
236
24
397
124
329
480
145
77
13
118
468
100
256
70
194
220
48
232
379
381
316
361
300
111
21
25
475
209
460
439
318
163
376
424
215
205
360
43
249
61
372
179
189
167
59
1
79
214
184
304
427
467
391
487
63
496
355
162
125
187
164
33
366
178
299
373
55
170
4
31
428
359
283
356
217
204
135
14
335
136
486
290
418
7
293
415
289
401
127
133
243
414
2
41
296
393
183
17
362
291
123
309
452
378
474
132
488
344
271
153
229
29
23
34
117
86
398
156
27
206
371
267
395
161
409
83
84
53
446
337
273
40
218
39
101
383
110
331
495
303
85
91
253
139
182
221
327
353
208
352
320
210
138
333
188
18
32
453
464
306
200
500
76
270
128
180
11
370
226
126
348
493
390
109
347
240
466
412
73
241
116
122
62
46
411
377
301
143
3
451
22
482
185
44
380
258
58
225
113
57
444
108
219
294
137
447
425
274
288
297
134
119
478
405
90
213
314
202
105
413
78
484
278
417
441
400
12
212
115
51
365
442
322
492
402
150
231
437
462
420
255
260
345
268
408
148
354
38
321
16
384
473
9
37
238
254
120
315
389
190
257
319
394
252
349
279
501
502
503
504
505
506
507
508
509
510
511
512
513
514
515
516
517
518
519
520
521
522
523
524
525
526
527
528
529
530
531
532
533
534
535
536
537
538
539
540
541
542
543
544
545
546
547
548
549
550
551
552
553
554
555
556
557
558
559
560
561
562
563
564
565
566
567
568
569
570
571
572
573
574
575
576
577
578
579
580
581
582
583
584
585
586
587
588
589
590
591
592
593
594
595
596
597
598
599
600
601
602
603
604
605
606
607
608
609
610
611
612
613
614
615
616
617
618
619
620
621
622
623
624
625
626
627
628
629
630
631
632
633
634
635
636
637
638
639
640
641
642
643
644
645
646
647
648
649
650
651
652
653
654
655
656
657
658
659
660
661
662
663
664
665
666
667
668
669
670
671
672
673
674
675
676
677
678
679
680
681
682
683
684
685
686
687
688
689
690
691
692
693
694
695
696
697
698
699
700
701
702
703
704
705
706
707
708
709
710
711
712
713
714
715
716
717
718
719
720
721
722
723
724
725
726
727
728
729
730
731
732
733
734
735
736
737
738
739
740
741
742
743
744
745
746
747
748
749
750
751
752
753
754
755
756
757
758
759
760
761
762
763
764
765
766
767
768
769
770
771
772
773
774
775
776
777
778
779
780
781
782
783
784
785
786
787
788
789
790
791
792
793
794
795
796
797
798
799
800
801
802
803
804
805
806
807
808
809
810
811
812
813
814
815
816
817
818
819
820
821
822
823
824
825
826
827
828
829
830
831
832
833
834
835
836
837
838
839
840
841
842
843
844
845
846
847
848
849
850
851
852
853
854
855
856
857
858
859
860
861
862
863
864
865
866
867
868
869
870
871
872
873
874
875
876
877
878
879
880
881
882
883
884
885
886
887
888
889
890
891
892
893
894
895
896
897
898
899
900
901
902
903
904
905
906
907
908
909
910
911
912
913
914
915
916
917
918
919
920
921
922
923
924
925
926
927
928
929
930
931
932
933
934
935
936
937
938
939
940
941
942
943
944
945
946
947
948
949
950
951
952
953
954
955
956
957
958
959
960
961
962
963
964
965
966
967
968
969
970
971
972
973
974
975
976
977
978
979
980
981
982
983
984
985
986
987
988
989
990
991
992
993
994
995
996
997
998
999
1000
