791
12
22
231
253
170
747
272
933
48
906
660
229
370
947
579
903
781
40
290
137
269
43
708
343
408
373
355
429
739
10
456
542
720
628
742
15
131
900
392
589
566
322
514
124
855
658
820
601
888
331
540
846
171
920
167
123
81
335
257
645
359
854
777
294
83
956
772
895
413
403
937
786
894
50
241
555
364
447
204
962
614
565
110
46
151
417
234
142
509
499
472
807
875
587
119
264
961
385
500
985
528
485
279
162
853
336
802
941
787
405
819
836
315
698
915
77
444
45
600
722
93
828
954
967
354
996
451
639
209
764
535
942
347
89
32
564
829
378
552
624
743
831
252
436
372
594
692
665
700
982
889
973
765
723
955
96
634
210
191
874
971
801
52
376
205
299
395
87
116
118
262
795
143
837
62
904
228
17
314
8
799
133
416
984
733
127
852
386
845
832
175
673
19
484
704
707
595
219
310
957
606
734
725
972
976
489
728
668
558
646
813
986
220
990
880
39
978
497
991
227
37
291
326
201
773
755
939
814
681
65
827
531
577
592
476
625
554
659
744
337
248
195
953
783
670
518
683
440
687
623
748
538
345
805
84
994
534
885
454
944
635
510
617
630
573
371
599
463
808
763
543
277
593
132
64
342
384
172
548
602
537
225
758
533
196
24
893
462
923
608
44
42
559
218
578
374
293
580
643
701
26
383
278
200
713
424
672
410
530
550
75
993
274
199
544
523
663
303
870
881
841
92
3
72
873
67
501
966
666
5
515
914
892
486
710
333
591
332
224
532
38
63
154
621
258
513
504
999
998
740
190
288
341
490
834
767
168
491
793
185
481
919
898
33
899
496
460
581
483
812
173
305
352
626
188
556
922
788
478
380
141
840
754
737
921
85
283
105
349
790
702
661
301
365
20
697
13
307
448
27
901
636
240
97
562
706
57
816
833
235
918
238
475
884
176
844
572
657
211
607
859
330
58
452
86
969
612
667
164
848
109
53
797
926
516
419
512
268
864
16
4
221
1
940
270
684
161
785
979
147
878
699
149
641
835
989
266
321
696
883
505
949
633
363
98
774
907
271
379
867
140
503
473
857
824
619
863
446
51
968
811
461
890
334
368
945
551
396
493
560
202
910
525
434
780
208
206
865
731
439
789
850
445
230
285
390
638
964
409
367
946
239
866
818
588
987
165
134
217
570
397
348
936
877
157
128
155
466
477
207
776
651
632
179
471
121
567
718
233
232
289
757
265
622
494
522
938
256
203
222
912
756
244
362
539
400
951
934
826
237
432
129
507
605
401
896
114
47
886
215
981
125
76
18
465
569
469
159
198
2
455
246
716
358
145
712
438
273
849
806
412
323
194
928
130
583
320
406
650
574
749
526
112
730
245
822
517
247
768
182
226
752
70
282
796
103
340
398
927
35
546
73
682
604
431
983
561
284
193
575
74
120
152
214
296
488
91
838
571
389
9
80
297
761
582
304
286
741
443
705
794
55
437
603
381
7
404
735
925
411
545
267
997
977
300
988
146
766
536
61
144
14
394
506
798
328
308
311
263
563
23
41
457
856
656
810
527
261
616
511
627
629
166
302
212
177
916
648
295
459
677
391
66
250
117
861
425
547
34
529
686
281
792
931
871
762
102
674
843
280
313
724
729
882
327
770
135
618
771
99
688
251
726
433
254
736
192
366
917
830
613
598
597
711
876
975
113
318
309
652
90
584
610
479
420
576
387
695
803
126
694
243
930
815
464
669
480
468
524
959
236
122
913
779
769
647
242
59
213
174
324
644
338
11
685
189
350
292
450
839
965
107
495
470
312
249
148
879
169
158
778
590
453
78
197
943
709
407
449
887
153
255
678
719
717
714
316
325
25
817
498
541
95
138
1000
275
458
428
178
369
905
908
596
36
609
29
897
911
104
690
508
49
519
760
809
139
721
361
474
260
872
502
655
869
631
693
745
69
54
435
611
156
902
679
727
664
958
339
344
860
287
620
422
759
382
427
952
79
100
948
653
71
932
160
360
21
298
520
585
671
800
680
992
30
393
187
568
414
891
715
654
184
375
804
150
492
586
851
995
553
842
106
775
909
784
426
676
60
356
642
430
662
111
689
649
108
388
319
183
353
180
306
351
924
746
640
223
970
276
6
442
181
136
421
703
858
521
163
357
960
31
259
402
82
821
980
88
862
847
753
28
415
94
675
974
487
615
868
732
56
423
399
637
482
691
935
329
441
101
68
216
782
738
963
751
950
317
929
825
750
346
418
377
557
467
823
115
549
186
